8495
8440
8384
7042
7813
7952
7600
7284
7676
8426
8278
6913
6831
5742
7023
5738
7047
7365
4837
8265
7350
8791
7689
7278
8004
8062
7236
8200
8549
7834
8821
7628
7826
7088
7541
8423
7458
7987
5506
7401
6104
6532
7459
7003
8079
8029
7716
7024
8089
8382
6795
8121
5826
8412
7421
6675
8069
6456
7776
5952
8881
8806
8020
6921
7053
8240
8553
6154
5750
7853
8081
7900
8018
7322
6156
7731
7958
8369
6903
7237
8199
6993
6976
6932
7212
6415
8167
7024
6932
6993
8819
8688
7553
6678
7922
7829
7386
6532
6999
8460
6966
8327
7359
7231
7612
6840
7712
7553
8789
7810
8147
7382
8790
7812
5829
8934
5476
6022
6573
8461
7973
7382
7660
6096
7502
6167
6116
8754
5973
7866
7437
8078
7464
8730
7948
7368
8324
5299
7796
7881
6275
8242
6056
7567
7262
7597
8336
7628
7153
8424
5987
7532
8832
8545
5972
4841
7411
8457
5400
4061
5773
5584
5045
8258
7410
7302
7678
8473
7863
8233
8586
6181
8140
6925
6082
5996
6656
8254
8074
7028
8175
8177
7532
8425
7779
8608
8900
8404
6808
7022
8388
7572
7674
8026
5875
7695
7326
8292
7025
8054
8872
8628
8570
6736
8812
7503
7641
7432
7784
6971
6794
5115
6832
5439
6777
8147
6256
7657
7903
5457
7575
6372
6892
3879
7888
8304
6844
4743
8394
7117
7634
7131
8382
7709
5760
8401
6287
8122
7783
6660
4717
5927
8109
6559
6446
7883
7151
8097
8656
8039
8401
8247
7779
6181
5638
5283
6414
4768
7363
7667
8698
7602
6009
7701
7138
6239
6026
8112
8189
6845
8486
8099
8444
7857
6915
6066
8654
7660
7927
8051
8462
7778
8232
7453
8873
6998
8706
6896
7757
6648
8493
7452
8397
6970
6085
7261
7461
8476
6784
7628
6591
8726
6377
6680
5306
8406
5773
5767
6527
7078
6212
8235
4564
6206
6907
6597
6186
8312
8404
8698
6493
8500
7053
6646
6661
6928
8850
6540
8896
8202
7453
8889
8058
8181
6408
8586
8498
6572
8420
8524
8130
7943
8094
7891
8532
8061
7507
8380
7333
8475
5981
7599
7666
7030
6811
7738
5572
7105
5820
7532
6743
5995
7935
7057
5392
6900
6326
8424
8134
8001
6213
7187
8146
5237
8521
6414
8613
8153
7796
7437
7342
8267
4989
6879
6060
7920
6941
6037
7999
6675
6751
7255
6400
8026
7281
3276
8383
8158
8453
8219
8165
7188
7551
8712
5606
7629
7683
6834
8424
5923
7202
7318
7830
8326
8748
8467
7419
7380
7346
7359
4365
7972
8350
8073
7071
6397
7722
7766
8742
7817
4607
6720
7993
7617
8328
8063
8292
8373
7673
7405
4473
7757
7212
7672
7345
6554
8531
6928
7536
7172
8387
8866
6989
7508
7303
6043
4554
5637
7549
7134
6446
6090
7590
6679
7802
7826
7495
6771
7383
7990
8562
7962
4583
6938
6556
7137
8872
7855
6843
8245
8698
6960
4229
7727
6448
7717
6042
8396
7663
7080
8628
6872
5906
7755
6796
7836
7417
8757
6667
6425
8673
6240
7398
6130
8680
6739
8565
7131
5469
7241
7440
8611
7070
8386
7605
7203
6203
6737
7646
7767
8244
6558
7340
7924
8279
8061
7757
7475
4490
7408
8157
7843
8128
8499
6502
8865
8599
7748
7245
6888
7514
8246
7979
7735
5924
8088
5917
6808
7865
5651
8071
7169
5490
6260
7472
6980
8437
7193
6169
7499
8071
8422
8969
8625
8266
8968
6737
7971
5688
7882
8632
7927
8933
7128
8247
7931
6784
7222
7717
7988
6988
8254
6837
7834
7856
7479
6751
5657
7021
7959
6468
7784
6317
7629
7222
6753
8693
8452
6390
7533
8214
8601
6340
7541
7506
7181
7334
5469
8506
6761
6986
8357
8137
8527
8420
7245
7325
8487
6825
7785
8110
8371
8669
7885
7350
6111
8757
4499
8498
7088
8434
7009
7360
7963
6730
8088
7580
7884
6787
7087
8065
7627
6089
6053
6735
7924
8370
6555
6693
6705
8579
6343
8257
6134
4312
8233
6881
6635
8489
7339
8635
7746
7667
8132
7261
4363
6832
7136
6970
5672
6642
5619
8105
8403
7399
7567
8235
5769
6897
7277
5009
8412
7729
7823
8416
6872
7811
6816
7378
7143
7662
6939
5262
6645
7263
8305
8107
7622
6195
7513
8729
7482
7665
5974
7783
5143
7279
8275
7440
7377
8106
8016
7377
5669
6771
7135
7544
8300
8245
8118
8014
7868
8441
6566
8398
8675
7293
7363
3203
7351
5907
8275
7203
7731
7703
7668
8687
4570
7026
7093
7885
5969
7018
6835
6406
7626
8892
7825
5948
7972
6912
7064
8777
8345
8150
8555
8291
8712
5382
7584
7299
7510
7761
6562
8589
7212
6830
8267
7132
8232
6313
6650
8691
4329
8625
7334
7861
7216
5409
7599
7026
6990
8528
8581
7915
6859
8002
8082
5910
6488
8298
8180
6376
7688
6137
5072
7364
5949
7253
7965
7259
7450
8411
8328
7834
7086
6745
7161
7755
5317
8060
7065
7308
7927
7499
8660
6666
5735
7784
5361
7087
4434
7550
6850
7789
7286
6036
8181
5394
7607
8206
7600
7190
8092
6433
7065
7668
7220
6826
7708
8050
7463
8437
8168
6583
6701
8219
8603
8332
7975
8288
4838
8070
8707
8717
7556
8733
7578
8636
7476
7860
8516
8380
8799
8723
7514
8286
8159
8772
8395
8334
6603
6829
8389
7846
6732
7170
6145
7572
6791
8477
8495
5455
7601
7153
6214
7798
6817
6351
7543
7751
6546
7031
7949
8481
8549
8027
7519
6005
5929
8434
6541
7600
8069
7389
7940
7512
7907
8500
8090
6483
8325
7733
7280
7959
8604
8194
8196
7218
7980
8388
7871
8722
7424
6684
7458
4977
8403
6871
6149
5980
8617
7985
7961
8620
4642
7294
6180
7713
7146
7461
6860
8144
8490
7320
7362
8437
6464
5280
8111
6923
8237
3831
6180
8155
7967
6905
7519
5973
8194
5100
8257
8514
7360
7529
6937
6683
8352
6641
7212
4741
8512
6311
8243
8344
4956
8568
7397
8204
8503
8592
8962
7287
7994
6733
7885
7386
6707
7792
7327
8091
7681
6683
8490
8104
7807
7698
8470
7557
7681
7933
6174
7322
7893
6805
7047
6745
7902
7764
8485
7896
5767
6551
5287
5844
5286
7588
7313
7734
7720
7641
7100
8341
8441
7293
7185
8243
7031
7036
7448
8500
7868
6877
6245
5635
6903
7255
7633
7581
8190
5533
5378
8392
7772
5507
7132
7458
7802
5390
6465
7322
5807
8202
7660
6018
7893
7685
8663
8741
7220
6161
7424
8588
7190
5063
8004
6591
5544
7711
8293
7855
8295
5688
6734
7717
8086
7343
8806
6463
7884
8069
7146
6455
4856
8721
6548
6241
5952
7809
7743
7026
6820
4818
6781
8364
7799
6563
8063
7937
7924
6935
6867
5970
7207
6329
8627
8143
8477
8356
6644
7789
7473
5664
6885
7741
7616
7830
7545
7433
7401
8798
6907
7359
5451
8222
7531
4707
7082
7524
7597
6624
8426
7152
6503
6857
6262
8065
5984
6765
8264
7025
8312
8161
8758
7665
7911
8287
7958
8282
7605
7097
4610
7049
8212
8791
5996
8242
8552
8802
7609
7886
5863
7364
5502
8644
6081
8300
7692
7845
7523
6729
8698
8445
6835
7761
7094
6928
6826
7340
8850
7298
8353
6710
7426
5931
7849
7252
6907
6363
7895
8526
7942
7705
7130
7646
5795
6519
6329
7131
7814
8542
7207
7273
6611
8371
6556
8689
6785
7282
8720
8159
8015
6772
7292
8003
4485
8436
7620
8223
8162
8094
5746
7888
8094
7968
7029
8454
5633
7975
7866
8179
6509
8340
7939
7405
7971
7318
6216
6219
5974
7055
8693
7289
7090
6441
8338
6983
7214
6471
8384
8195
7495
8177
7679
8657
8204
5679
6351
6461
8146
7490
7287
8680
8644
7788
7718
8190
7026
6749
8104
8659
5659
6112
6625
7857
5231
7332
8232
7160
6594
6779
7686
5299
7476
7476
7691
6090
7803
8176
8238
5648
8428
7461
7326
7559
7041
8344
7130
8059
8408
6727
6388
8330
8104
6805
6969
7846
8865
7531
8527
5227
8069
7883
6790
6796
6037
6890
8274
8285
8422
8285
7578
8409
7778
7845
7062
6083
6547
8389
8488
8478
8075
6468
8397
7535
8461
7936
8532
8228
6223
7999
5224
8228
6066
7268
8209
5809
6183
7944
7517
7574
6465
8068
5865
7645
7746
6843
8184
8603
7637
6969
6680
5371
8367
4197
5525
7705
5748
6613
4524
6465
8070
6511
8269
7744
7783
8134
8607
8507
7068
8078
7888
7058
7361
8265
8114
8664
8190
7658
7885
7601
6965
8642
8278
8170
6044
7854
7003
7519
8073
6725
7118
7190
6665
6309
7744
5574
6897
8142
8295
6632
8432
6751
8102
7260
7081
8679
6555
7046
8045
8177
5831
6293
5055
7007
5301
7589
7388
8067
8092
6509
8328
5822
5988
6098
6353
6835
8835
8673
7389
8157
6419
8257
8543
8158
7745
6361
6772
8575
7814
6677
7837
7502
7679
5993
8686
7747
8452
7179
7750
6122
8697
7153
5758
6464
6461
8048
7842
5847
7654
5138
7661
4614
7402
7902
7621
7405
8578
8603
8464
7372
7664
7909
7633
7989
7980
7999
8100
6714
8470
8528
5183
8388
7427
8525
8129
8801
8042
8661
7735
8429
8530
8038
6895
7870
7261
6107
6422
8879
6315
7379
6310
7280
7661
8610
7116
8141
7501
8516
7791
8010
6869
7389
8085
6269
5942
7298
8063
7307
5183
7306
7489
7015
6724
8504
6966
7570
6333
7131
6653
7813
8849
7342
5902
7776
6748
6955
7398
7884
7590
6960
8037
6718
7790
6437
8556
7477
5117
7802
8724
8386
6914
6503
7507
7750
7947
8743
7316
4552
5961
7002
6351
7065
6364
8027
6605
7639
6615
7966
6143
5780
8429
8267
7144
7552
7826
5624
7164
7207
6432
7117
4768
7571
7369
8024
8575
7809
7563
7407
7074
5909
8290
4427
7295
8857
7217
8392
6706
7702
8028
8280
6848
7627
7828
7372
8145
6892
7964
6863
8836
7706
8674
7907
7680
7377
6939
7437
7360
6862
7896
7084
7223
7761
8077
7915
6120
8526
8419
5411
8830
7847
8702
8470
7054
7022
4372
6100
6957
8741
8163
8331
7431
7297
7248
7009
8764
7855
7434
6658
7824
7405
8021
8693
6205
5811
7703
8706
5389
5533
8594
5506
8869
7154
7720
7445
8681
6130
7727
8408
7426
7855
7965
8198
7624
8660
8205
6108
6982
8038
8104
7970
7295
7489
6413
6502
7403
7308
5965
6585
8643
7033
6065
8294
8568
6458
6645
7310
8303
8443
7607
7862
5549
7144
6383
6595
8859
7979
8372
7004
8170
8520
7433
6079
8507
8557
7511
7243
7586
4057
8159
7083
7723
6633
8444
6744
7236
8268
7346
6514
8035
8883
7796
8899
6370
7327
8441
8327
8581
8669
7846
7522
8129
6249
7302
7647
8792
8080
7759
7304
8096
8739
8693
6774
8397
8657
7105
4392
6540
8757
6788
7977
8439
7399
7261
4793
8014
6665
7452
6941
7289
8149
8757
8590
8605
8781
7412
8864
7708
6788
6620
8329
4546
8233
7177
7101
8286
7200
7606
6779
8236
6539
6337
8145
6317
6234
7607
7423
7586
8110
7085
7887
6978
7140
7246
6333
5442
7786
8371
8373
8225
7702
8206
7525
8397
7431
7012
4629
7581
7014
8675
6523
6923
8343
6628
8005
6541
7437
6242
7851
7966
6279
7116
8324
5764
8560
6805
6688
5843
7667
7765
5904
7769
5446
8252
8136
7646
7527
4542
7379
8512
5443
7873
7572
7944
8723
3977
7453
7326
7166
8217
6490
8168
5946
6717
7966
7488
8513
6010
4943
8205
7187
7603
8021
8796
7811
8314
7552
5751
7756
7225
8145
8722
6912
6044
7741
7848
8538
7092
8804
7488
8297
8935
7021
8710
7189
7999
5311
8749
7101
7791
7054
6259
7961
4988
8431
8213
7801
7003
7537
8126
7990
7649
8071
7358
8634
7623
8169
7512
7608
7419
7043
6324
8305
8230
8082
6679
7900
5229
6546
7991
8522
8109
8629
8245
7646
6474
6504
8099
7978
7759
6595
5947
7421
8399
7266
7822
5777
7813
7424
6954
5766
7686
7565
7641
7771
3439
7244
7885
7641
8795
7707
8499
8362
8634
6249
7933
7252
7093
7659
6471
8047
7548
7965
5912
6682
8354
7279
5878
5751
6934
8502
6732
6901
5753
8252
6514
8617
8674
8421
8038
7326
8638
7533
8599
8102
3823
7310
6600
8495
7685
7331
6740
8115
8645
4454
8817
7090
8707
6940
7386
8845
8210
6862
8364
8602
6973
5715
7116
5270
7291
8612
8085
6635
7690
6709
8190
7173
8067
6450
7335
5200
7002
7653
7876
7957
7479
6510
6824
8433
6678
5823
5774
8098
7972
8617
6299
8581
7233
6787
8495
5296
8156
6412
6142
8772
6508
8197
8411
6160
8117
4823
8088
8555
8407
6595
7738
8246
7972
8602
7353
8833
8458
8154
5679
6168
7611
7889
7789
7648
7139
7833
7367
7165
4735
7939
6029
7987
8389
6154
7847
8193
7396
7697
8140
8502
6820
7910
6253
7103
7661
8426
8575
8372
7113
4205
7177
7300
7863
5494
8863
7191
7620
6890
7523
7607
5736
7121
8088
6155
8523
8304
7887
6099
8025
8876
8170
8310
6190
7378
8161
6952
8208
8436
7417
6687
8229
7619
6916
8554
8067
8585
6881
8985
7494
6202
8547
7863
7694
8640
7922
8549
8332
6972
8093
8007
8295
7121
8403
6731
6298
8008
6835
7853
8265
8031
7818
7662
8617
7448
7926
6663
7626
6348
6610
6096
8464
6857
7811
5927
8965
7925
8525
8259
7766
7975
6852
5913
7230
7741
7097
8380
7170
8019
7738
7196
6752
7449
6920
8746
7134
8248
7151
6946
8304
6168
7069
7391
8053
5934
7635
8024
8362
8252
7743
8767
8290
7674
4612
7091
5064
8503
7821
8793
5624
7053
6315
7766
7788
8137
7546
7945
8600
7309
7681
8148
7429
8592
8759
7978
7954
5895
8259
6358
8109
8124
7972
7631
8567
7604
7657
8190
7827
8559
7904
5533
8841
7363
8065
6201
7433
6896
7384
7945
8332
8589
6898
5466
7996
7787
3809
7618
8412
7859
7329
8415
7744
6111
7627
7032
8046
6593
8637
8378
5936
7923
6697
7457
6612
5498
7215
8521
7128
7735
7683
7518
6627
8583
7964
8620
7464
8316
6350
8591
6520
8001
7789
7710
6373
7342
7815
7105
7430
7182
7734
7983
6879
6944
7703
7087
6867
8223
7949
5963
7545
6008
8228
5940
8302
8567
7609
7462
6292
6858
6898
7190
8575
7476
5978
7740
7737
4767
7120
8723
7230
7137
7382
8572
7522
8478
8288
4616
7969
8009
6748
7473
7624
6903
7853
8728
7924
8205
6846
7824
8729
6795
8314
5381
5716
7590
7891
7239
6479
4557
8379
8903
7333
8746
7890
7014
6138
6994
6507
7689
6479
8164
6738
7787
7393
7976
5072
6456
6854
5604
8838
7501
8207
8021
7446
7977
8045
5987
7623
8180
7035
7765
8533
7961
7430
7984
7402
6998
6543
8262
7831
7976
5157
5379
7044
7384
7700
8485
8624
7888
7062
8756
7173
8060
6766
8204
7488
7824
6862
3300
8737
5496
5914
5832
7746
8110
7591
7848
7808
7696
5897
8080
8513
6993
6009
7057
8524
5786
6747
6163
8144
6524
7553
7813
5503
8497
8167
5825
7164
8323
6789
8678
7330
8462
7569
6287
7455
7436
6742
8287
6019
5625
7503
8762
7309
6071
7377
5448
7953
7896
7073
6857
8495
6666
8070
8202
7087
7380
7446
6915
8370
8255
6618
6326
5965
7248
5722
8747
7923
5773
3704
6237
7917
6923
8337
7518
5234
7525
8591
7585
8618
8406
7804
6875
7285
5895
8795
8197
8472
7595
8320
7786
7073
5144
6502
8689
6829
7434
8861
4849
6790
7956
5160
8300
7577
8651
6243
5744
6681
7617
7567
8302
8779
8309
8418
6885
7857
8387
5672
6477
8161
8354
6872
6988
6905
7529
7652
7455
6554
8497
5806
7250
8745
8292
7341
7994
7465
7726
3669
7219
6991
6196
6071
7906
7506
8488
5572
6985
8427
7778
7530
8589
7320
6299
8783
5579
7902
8213
7275
8071
6999
7086
8039
7969
6042
7455
8472
6060
6977
8437
7557
6336
7632
8023
8248
7322
7510
7272
7192
6621
6339
8639
8827
7246
5865
7084
8425
8241
7762
8006
7295
6605
8673
8171
7685
8631
7968
8313
6867
7345
8296
6973
7184
7816
8221
6451
8328
6224
7712
8699
7960
6594
8710
6800
7628
6809
6825
8127
6081
7922
6219
7469
6220
7738
6598
7878
6417
7750
7029
7730
7718
8740
7409
8378
6038
7493
5968
8532
7610
8630
6287
4885
6913
7319
8360
7627
7466
8295
5634
7687
8220
7739
5728
8737
6730
4988
6806
8170
8352
8883
7393
6845
7090
8118
6107
6833
7971
7563
8007
6923
7245
4472
6254
3540
4058
7429
8428
6735
6513
7899
7719
8145
7536
8322
6860
7897
7716
4353
7061
8709
4486
5235
6117
8458
8221
4712
8531
7946
7683
8366
7718
8084
7404
6740
8677
8273
6751
8197
7151
7211
7668
8121
7499
4908
8202
7030
7229
7654
6715
7797
7895
7882
7348
6799
6024
6962
4638
8255
8348
7429
8018
6303
6619
6757
7336
8053
8014
8297
8475
8505
7027
7407
7559
8671
7214
6413
7260
6015
8529
6564
6261
7212
7694
5831
6980
8433
7375
7685
6807
7845
6993
6604
5574
6458
7001
5705
8523
7279
8701
7750
8384
7729
7726
5969
8744
7863
7614
7605
8014
6684
8137
7822
6817
7627
8208
6324
8856
7762
4486
7354
6089
7690
6884
7245
8618
5810
7839
5893
8434
5786
7143
6890
7841
7921
6943
7561
8378
7317
7081
7419
8362
6108
7665
8412
8652
8238
8378
8727
6718
8286
7546
8650
7102
7638
7523
8320
7669
7621
7559
7695
7625
6386
8310
8460
8918
7753
7502
6783
5468
8687
8671
7830
6532
7989
6201
8589
6613
6857
7568
8070
7189
8020
8569
8445
7873
7800
6638
5971
8290
7970
6870
6329
6700
8213
6358
7244
5997
8029
8382
8520
7463
6791
8342
7805
8437
6494
7994
8195
6988
7247
7272
8065
6102
5096
8292
8781
7172
8449
8133
7527
7579
8147
6386
7522
6813
6445
5849
7640
8557
7722
7728
7465
5955
7525
7633
6775
6040
8032
7423
7759
7018
8541
7463
5685
6391
7137
6855
6646
5617
6814
8043
8399
8115
7635
8803
7386
7065
8448
6780
7744
7262
7745
6298
7066
7132
7351
7751
7292
7723
6462
6909
8867
6251
7647
8025
8297
8783
6931
7769
6450
7406
6829
8190
8823
8287
7567
7848
7107
7986
7847
8357
5927
8037
7900
7565
8476
8153
5421
5565
8329
7011
8030
7449
5258
6532
7733
8106
7871
7359
7574
8168
7820
8369
8056
6611
5855
8538
7551
7662
8391
6960
5767
8775
8636
6922
7260
5365
8572
8585
7382
7011
8194
8151
8418
7317
8684
7833
7892
8548
8459
7293
8194
8262
6921
8586
6334
6549
7167
6589
6270
5966
8646
7493
6599
6364
7805
7796
6746
7684
8028
7483
7551
7798
7849
7216
8419
8781
7251
8200
5589
5076
6357
6604
8095
6665
7214
8202
8244
8328
8122
4645
7784
8542
7989
7604
7729
6228
7348
7480
8172
8646
8781
6321
8795
6463
7174
8512
7127
8072
6685
7858
6634
7671
7138
8286
8544
8529
6462
6437
6656
7297
8592
5905
6601
7699
7856
5628
7464
8310
8141
8074
7183
5200
8545
7508
8749
7258
8494
7191
7248
8909
6775
8147
6170
7239
8151
8114
7900
7703
8747
8295
6127
5717
7201
7454
6673
8451
7713
5282
6911
7632
6266
8797
7553
8805
8089
7198
7808
6619
5871
8283
7486
6747
6486
5690
3822
8302
4497
6640
8063
8304
8784
8676
8576
7348
8107
7381
7395
7754
8050
7269
7055
8385
7674
7591
6731
7696
8725
7265
8543
6796
7436
8270
8122
8907
7479
7859
5478
4631
4760
6606
6043
8047
7228
7077
8210
6643
8264
6685
8720
6569
7464
8520
7600
6194
6871
7187
6291
7932
7257
7913
5503
7974
6939
7923
8764
7909
7086
8265
6823
8545
6052
8324
8624
5990
7321
7641
7334
7199
8202
7210
8194
4832
6047
8520
8394
8019
4798
8603
8432
8304
6628
8316
8536
7773
8458
5003
6948
5832
7269
8809
3978
6776
7651
7867
3933
7467
8771
7397
7555
8516
4900
5642
8182
6365
7341
7775
6915
8220
4896
7031
5703
7736
6891
7699
8550
7495
6448
6195
6961
7039
5955
6412
8357
8627
7131
7243
7672
6835
7490
6108
8130
5326
8480
8068
7736
8580
7360
5986
7643
8891
8489
7952
6699
7729
7997
7123
7492
8056
7492
8852
8419
8553
6373
8426
7550
8478
8894
8242
4061
6972
7469
7736
8615
8335
6316
7826
6774
7715
5227
8220
4027
7996
8340
6511
5621
6588
7188
6255
5589
6254
7881
5849
7841
4252
7916
7612
6864
7266
7462
7793
6956
8969
6937
7018
8238
7854
8607
7072
7743
6684
7399
7962
8551
7806
4102
7624
7014
8075
6700
8353
8712
6826
7898
8197
6822
7573
4397
4802
7249
8127
6866
7075
8494
6111
6949
7025
7359
7852
8118
7671
6256
7807
5545
6715
8573
8440
8246
8936
6390
8256
5907
7481
7015
8250
7922
6584
7635
6883
7257
7978
5299
6399
7862
8785
5888
8278
7105
6387
6151
7059
5817
6881
7671
7925
8525
8195
8168
8221
5785
8486
6616
6570
7523
8672
6301
6294
8710
6928
6727
7822
8555
6192
8002
7343
8037
5439
8191
8011
7610
8229
8236
7472
6531
7629
7643
7196
7060
7244
8179
7626
3779
5447
6612
7595
5541
8825
6483
8551
7121
8289
5318
8057
8183
6447
8471
8420
8218
6592
8195
8387
8401
7334
4848
8360
8600
6815
4747
7136
8348
7901
7956
8133
5655
8540
6547
6721
7182
4047
7412
4010
8136
8193
7983
8123
7392
7860
8267
6985
8381
6427
6959
7068
7806
7839
7888
7493
7820
7871
8598
6637
8013
6962
7107
7944
7919
8086
6557
5163
8050
8122
6303
8011
7722
7811
6223
7548
7094
8299
7194
8090
6562
7193
7187
6169
7701
7253
6561
7989
7718
8309
8150
7809
6354
8692
6060
7927
8252
7513
4544
7329
8511
7398
7206
8367
8710
6386
6184
7402
8397
7625
7632
7463
7495
8760
7297
8732
5801
7904
8257
5896
6585
5193
8797
8701
5558
7014
8330
7918
7574
8133
7681
7029
8178
7859
7250
6647
6767
7887
8572
7889
8390
7156
7540
7050
7839
8290
7948
6156
8014
7380
8096
8623
7813
4705
7119
7630
6591
6358
8299
6307
8055
8884
7426
8525
5340
8396
7082
8706
6921
6465
8194
7917
8315
7341
7239
8546
8406
7611
7959
8184
8637
8054
6541
6537
8795
8288
6400
7167
7690
6583
8644
3461
6661
6925
7942
8238
7928
7189
7288
8099
7272
6581
6701
7044
6196
7946
6592
7012
7026
8569
8024
7883
8358
7928
8670
6905
7195
8102
7183
5746
7698
8510
7987
6574
8782
6574
7255
8433
7193
8800
7685
7175
7975
7829
7689
7865
6101
6710
7788
7459
7346
6250
7127
8359
8464
7709
6495
8091
7030
8388
8753
4246
6231
6996
5623
8421
7962
6239
7350
6889
8000
7497
6199
6758
5612
8310
8420
8312
8197
8386
6539
6882
5213
8135
8914
7484
8655
6374
6685
6090
7912
7105
7800
8826
7339
6614
8023
6632
8485
7365
8357
6461
7901
7670
8413
8562
8805
7600
6804
7427
6973
7198
5600
5229
7632
7207
7274
7447
8363
6769
7870
7314
5551
7600
8748
7165
6620
3776
7649
4716
8601
8186
8143
5764
8021
7495
7854
7037
7472
7201
7570
7911
5535
6563
7565
7018
4089
6651
7955
8012
5626
7246
7990
5607
8422
6201
7479
7455
6150
6797
5762
8501
8375
7026
8231
4699
7663
6400
7289
7944
8313
6576
7414
7474
7832
6523
7354
8229
6738
8550
7198
8644
7805
7807
8374
8592
7302
6886
5678
6687
8116
8097
8087
8790
8805
6479
6571
7933
5881
7927
6398
8137
6588
7426
4179
6701
7033
6874
6305
7933
6233
8228
8957
6932
7071
6552
7323
7683
7382
5108
6922
8479
8655
8110
8009
8096
5781
8211
4706
5679
8181
7072
8276
8400
7411
4345
5646
7850
8588
7561
7093
8321
7584
6278
6837
7495
7660
6153
7065
6624
7576
7321
6552
8708
7124
5193
7948
8329
6629
8155
4740
7490
7381
8215
7650
8880
7536
5595
8039
8759
6400
8152
7611
8566
6579
6001
4899
6634
5581
5632
7795
8142
5626
8354
7002
8046
7418
5662
8315
7828
7625
6579
7333
5975
6338
7837
7342
8208
7417
6635
7996
7956
5619
6314
5870
8527
7590
7849
6063
8078
7299
6900
8353
4425
8496
7948
7509
5725
8580
5392
5721
7559
6168
8841
7336
8692
6667
7073
7949
8059
7174
7847
7697
8060
7271
8488
7415
5217
7165
6926
8228
8416
6476
5891
7461
8139
8218
7134
7385
6225
6159
7853
7624
7340
6703
5809
6734
6991
6347
7366
7186
6074
8194
7048
8099
8193
7998
8142
7368
8343
6781
7047
7574
7543
5481
7664
8329
6666
8185
8107
6350
8242
7293
7835
6064
7138
6188
7838
4361
8159
5793
7572
7629
8404
8127
8071
8707
7512
8320
7079
8536
8365
7859
6562
6692
6555
8899
8341
7706
8096
7082
8015
8504
6420
8703
7501
8849
6325
6423
8653
7829
8507
7384
7645
5993
7111
7057
8631
6682
7165
8171
8121
8110
7854
6448
6609
7872
8519
6408
7070
7838
7920
8274
6289
6478
6940
7037
8640
7668
6897
6268
7626
8281
5777
8653
8663
8447
7984
6968
7009
7355
8398
7717
8482
7966
7641
7908
4796
8572
6703
7713
7152
7802
7838
6914
7047
4715
8069
6729
6995
8716
6940
8042
7003
8108
7495
5164
8253
8348
7665
6499
8481
8526
7764
6467
5234
8782
7462
7451
8193
6349
7577
7167
7028
7575
7564
7217
6838
6091
8419
8186
7442
7480
8422
8173
6723
7670
8882
7920
7587
5135
7696
8352
6161
8186
7526
6743
8058
5930
8262
7194
6303
5468
6189
6568
8224
6670
6505
6912
8481
7473
7135
8714
8135
5815
8202
6582
8324
8026
6076
8816
7090
8385
6767
8444
7180
6605
8295
7569
7099
8232
7018
7536
7502
8226
8487
5990
7635
8808
8956
8167
8060
7464
8497
8715
5046
8234
8207
8421
7316
3760
7621
8934
8357
7532
5770
8581
6561
5813
8364
8023
7639
7771
7442
5571
8367
8460
5955
7407
8236
6530
7780
8904
8609
7118
8817
8649
8022
8185
7355
7387
8357
6860
8277
7202
7194
8255
5547
6320
8371
5820
4726
8436
6266
6413
7937
8494
2905
8240
8360
8311
6748
6299
7828
7459
7503
6545
8073
8845
7268
7715
5601
8636
7103
8153
7099
6361
8552
7616
6939
5648
6433
8203
8326
5801
7384
7841
8153
6827
6429
8418
8469
5189
8117
7610
7281
4361
6067
7621
5988
7313
4990
7715
8277
7970
6782
7996
7074
7844
8161
5680
7162
5245
8075
5478
8658
8594
7719
7436
7812
6357
8638
7507
8478
5954
5374
6825
8498
7321
7881
6974
8178
6291
6632
7245
8467
6247
8168
7605
7568
5584
8801
6881
8134
7753
7868
6746
6789
7259
7157
7401
7521
6506
7461
8150
6539
8506
8424
7124
5680
7866
8064
7574
7153
7684
8483
6022
7543
7409
6805
7294
6675
7726
7648
7858
8185
6738
7138
7029
6588
7480
8690
6690
8210
7311
7711
7294
8223
7377
6492
8069
6859
7168
8164
5941
8734
7333
6775
7950
8332
5688
7043
5942
8126
7422
7401
8398
5008
8651
7984
7871
8298
8692
6598
6785
7753
8153
7072
7792
6990
7866
7970
7722
8175
6922
5970
7548
8189
7075
7787
8066
8012
7968
8395
5417
7509
8074
7379
8003
5719
7938
5883
7264
8094
7657
8653
6399
7449
5303
8925
6841
6251
6497
7155
8641
8652
5803
7934
6285
8253
8854
7520
6481
7379
6330
8363
7881
3019
6167
7643
5064
7894
6683
7986
4949
6915
7623
8875
7309
8511
6271
7881
7589
6339
7583
8432
6595
7652
7074
8282
7591
6307
8704
7119
7460
8750
7369
6939
7078
7601
6969
7900
7069
7837
6741
8504
8428
6450
7925
7789
6941
7630
8575
7306
7212
7033
7629
8619
7954
5485
8225
7092
7361
8699
8690
6723
7331
7338
7710
6165
6890
7304
7349
8414
7122
6996
7464
6382
8406
8543
7929
7989
7828
6164
8202
8821
6497
6739
6309
6508
8284
8448
7319
7074
7755
8072
6058
7115
7741
8555
6439
8557
6834
7703
8209
5222
8276
6984
7724
6967
8707
8415
8208
7764
7088
7609
7891
6720
6386
6612
7076
6357
7969
8133
6953
6872
7203
4728
8231
7973
5015
7510
7213
8525
8245
7349
8529
7695
8681
7532
6820
8215
7701
5597
6313
8393
5572
7626
7897
7810
8064
8694
8318
8488
6022
8136
7385
8273
8402
8116
8242
8114
7137
7068
7177
7345
8545
7905
7919
7656
6988
6516
6856
8251
8688
8727
7330
7324
5767
6774
6053
7485
6371
7128
8047
6717
8607
7841
4911
4799
7835
7212
8567
8133
6783
8636
6660
6303
8574
7671
8230
8799
5528
8437
8474
8177
8569
8124
7788
8434
7197
6930
6623
8080
7970
7442
6889
5490
5288
6224
6882
8246
8196
8402
7396
5740
7743
7821
5800
8514
8410
8245
7081
8728
8172
7707
7920
7835
5554
7857
7420
7313
8723
6438
7659
6151
7067
5651
7598
6449
7252
7628
8115
5313
8166
7446
8771
7218
8027
6339
8165
8029
8241
8320
8672
7039
5002
8471
7017
8106
6233
7618
6535
6072
6939
6948
8714
8313
8128
8782
8634
7559
7415
8276
7565
7231
7414
7783
8250
8259
8510
8571
7643
8281
5334
8182
8246
7095
7223
8023
6201
8254
6732
6585
6992
8030
7642
8479
7696
8693
4368
8228
5051
7664
8397
7106
8125
5560
7924
7365
6177
7972
8512
8607
6964
7761
6753
7120
5809
7824
7084
4894
6973
4381
7821
7582
6467
8538
7370
7834
8047
7188
6999
6755
8361
7228
4431
8307
7947
8465
7662
8035
6421
7998
6896
8114
8193
8832
8704
6435
6986
6416
7913
6610
7831
6721
5737
6881
7428
6836
8315
8074
5949
8378
7514
8481
7611
6988
8158
7858
8127
7774
7513
7767
5812
7907
7698
8328
7987
5138
7405
7007
7218
8309
8013
8855
8894
6001
6846
4106
7873
7853
6059
7917
7927
7219
5917
7934
8105
6750
8439
8561
8861
6900
7827
5412
7811
7387
5397
4639
7784
5633
6449
4020
7257
6492
8115
7437
7470
8089
7218
8941
7105
5676
7475
6917
8295
8208
7949
8604
8677
8191
6582
5276
8076
6989
7185
8180
6518
8562
8158
8318
6797
6116
7698
6606
4826
6070
8735
8117
8215
8535
6833
7857
7369
8633
6127
7576
8034
6666
7338
8317
5019
7931
8320
7017
7472
5946
8547
6936
6733
5248
8824
5810
8470
7853
6531
6269
7113
7573
7430
7147
7754
8209
8274
6366
8040
8773
6798
6382
6274
6589
6829
6689
6719
5771
7098
7568
4924
8488
8803
8210
7273
5611
7884
8577
7322
7646
7414
7697
6407
8555
8057
4912
8170
7675
8388
8474
8674
8743
8479
5464
8379
7191
8357
7883
6206
6104
7347
7695
8097
7792
6486
7246
8506
7041
6395
6799
7909
7772
6761
7775
7365
7074
6072
8293
7026
5082
8562
7135
7417
8023
6835
7228
7464
7800
6897
7480
7904
7460
7704
6708
8269
6641
8127
7734
5970
7762
7858
8069
6992
8415
6646
7493
6548
8158
6457
8112
6128
5073
8426
7149
8119
6622
8294
7377
7342
8319
7264
8268
8183
7705
8464
8933
7047
8509
7598
7204
7347
7476
7542
8456
4726
8079
8035
7678
7782
7788
6681
7471
7134
7630
5157
8361
6987
8192
7791
6196
7468
6872
7102
7510
6802
8595
8342
7894
8665
8136
8516
7018
7184
5467
8210
8792
5630
8777
5594
8524
6852
8308
6440
7610
8153
8132
8679
7898
8641
8599
6412
3483
7618
7519
8130
5322
4596
8749
8342
6859
8498
6565
8845
7419
6418
6744
6245
8005
8523
7881
6677
5370
7480
7803
8152
7490
7362
7662
5317
7556
6570
7806
7666
6640
6792
6495
6964
7905
7360
7923
6006
7227
8338
7368
6427
6669
6102
8680
7183
8401
8114
7874
6234
7097
7466
8846
7354
7000
7558
6047
6556
7274
7930
8374
8262
8565
8089
5811
5738
8112
7270
5346
6979
8138
7620
7483
8366
8257
6684
8300
6769
7685
8760
7848
7522
6038
7583
8285
7549
7955
5673
7149
8519
6156
8212
7513
8070
8517
6525
7792
6063
7248
8500
5978
5491
8778
8549
8230
8353
8362
7121
6969
8503
8311
8496
8821
5735
5747
7537
8610
7475
7818
8521
2996
8259
8396
7095
6015
4160
7075
8140
6231
7941
6882
7973
7853
7602
5992
8174
7370
6127
7549
6783
5980
8865
7135
8809
5644
7749
8627
8581
4518
6606
7035
8346
8176
8081
6744
8100
8049
5956
8610
4997
8098
7593
6706
8467
5029
7590
7253
8798
5291
8672
8224
6938
8417
8650
7115
7882
7665
5365
8350
6735
7481
6130
6538
8498
4934
7203
7985
7899
6853
7978
8514
7301
8513
7726
8337
8334
8454
8573
6309
7285
7908
7141
6849
7537
7215
7811
7441
8386
4637
7669
8505
7288
8197
8277
8626
7451
7939
7947
7400
7608
6490
7346
6909
7050
6057
5634
7921
7136
6609
5795
8134
4770
4667
7646
7038
8439
7534
6601
7539
8216
8453
7341
8273
8853
8014
6703
7497
7356
6980
7472
7353
7712
7990
7572
7250
6295
6298
8022
8415
8364
7864
8354
8458
5879
7826
8237
8360
7778
8398
6721
7266
7150
6997
8492
6789
8098
6533
6554
7684
7495
7714
5457
6833
8463
7074
6975
8636
5632
5814
7087
6364
8606
7974
6134
7333
7507
5842
8645
7925
6859
6054
8249
7906
6851
6480
8499
6485
7682
7955
6356
8743
6800
3220
7058
7586
7358
8504
8738
6597
7952
7579
8106
8235
7207
7629
7373
7002
5764
8055
7066
7690
8634
7686
5638
7231
5682
7636
5938
7711
5845
6404
6408
8081
8504
8853
7104
6540
6581
8071
7414
7994
6828
8411
7416
7666
6568
7927
8320
7512
7367
3558
8475
7897
8123
8499
5471
7561
7353
8560
7325
7472
7324
7970
8410
6559
7543
8507
7663
7644
8727
6690
6763
6620
6942
6913
6154
7197
8445
7330
6822
8287
6573
8051
6717
7029
7231
6667
7611
7745
8103
6665
7021
8043
7905
5643
6458
5935
8205
6421
7712
8744
3173
6124
6968
7662
8080
8533
8459
7371
7695
7987
6297
8203
8474
8287
7332
7906
7327
6702
7805
7185
6865
7050
7134
7261
7948
7786
6004
6849
6927
6181
8145
7575
7658
7836
7154
7018
7674
6429
7645
8462
7393
7671
8189
6509
8240
6882
7314
7152
8329
6672
7478
5695
8823
6980
6316
7448
7762
7072
8848
7393
8786
6308
6056
5730
8258
7618
5785
6561
7526
6349
6317
7125
7390
8699
8131
7288
7193
7917
8681
8457
6277
8548
8035
7879
8496
7366
7414
8921
6544
8148
8255
6928
8346
7765
8036
6289
7159
8441
7220
8201
8343
5912
7697
6746
8041
5072
5554
8038
6837
8681
8109
8179
8007
8506
6433
8301
7784
7421
8121
7295
8769
7956
7262
8058
5971
7623
8539
8344
8506
7187
7908
5843
8651
7572
8501
7257
8671
8701
7991
8373
7374
5432
7087
6836
7946
8474
7102
6800
7522
7327
7535
8107
6230
8048
5832
8111
7487
4207
6728
8459
5086
8134
8159
8274
7959
7373
7926
8724
6309
6726
8027
8644
7013
5561
6772
8140
8280
8188
5245
5602
8009
8600
5944
7616
7667
7835
7732
7133
7518
7587
7820
7588
6704
5775
8097
7487
7431
8389
7097
5083
8850
7704
8258
5737
6177
8211
7884
6704
7263
7513
7702
8749
7661
8853
5043
5849
7278
4172
6405
8435
7751
8679
7657
6288
6180
6805
7743
7269
7106
6775
7707
7966
8154
8147
6082
7977
7917
8474
8333
6680
6355
7813
7273
6912
6413
6314
7344
7732
7486
7403
8259
5747
7145
7390
7238
7189
3740
7343
8113
7600
7436
6518
5851
6605
8562
7585
7814
6732
8025
6541
7972
8231
6951
8645
7378
7505
7614
6134
8231
8339
7918
6153
7548
7762
7634
7375
4885
7984
6587
6867
7852
7251
7188
6894
7447
8167
8278
8312
8166
8099
7996
5205
8497
8327
8126
8267
7530
5430
8077
8219
7008
7940
6688
8562
6889
5982
6719
8426
8514
8442
7798
6593
6940
7391
8771
7288
7684
8151
5481
4976
8142
7637
7336
7172
8028
6185
7590
7263
5750
6314
6839
8922
8465
7987
7140
8002
7108
6551
7701
7573
6337
8376
7429
7228
8277
8622
8173
7217
8731
7760
6173
6086
8375
7213
6812
7900
5764
7279
7857
7038
8520
7084
8124
5713
5738
6660
7899
7078
6063
8773
7902
6929
6387
8302
6505
6684
8417
5133
8600
7628
7621
6800
6918
7260
8882
7030
6148
7637
8445
7998
7948
5646
8733
7372
6779
6581
8536
7134
8591
7445
6546
8495
7117
8101
6195
7921
7549
7131
7683
7883
7313
7155
7527
8544
7726
7647
7456
6932
8037
4637
6408
8545
8119
8603
8268
8564
6483
6342
7749
7059
7478
7493
8658
8589
6512
7790
7677
6288
5452
7491
3733
7790
4893
7907
8531
8376
7403
6957
7448
8195
7262
6858
8405
6455
8807
6151
5901
8156
6893
8428
5028
7013
7942
8265
7806
6250
7066
7781
8053
8403
6472
7166
7100
8641
8009
7243
5504
7318
5984
7462
8580
7973
7617
7595
6085
6906
6592
6405
7464
4678
8487
7141
8322
6964
5211
8876
8724
7101
7327
5599
5895
6739
8065
6809
7600
7948
7498
7951
7383
5909
7751
7446
6050
8557
7079
7077
8151
5331
7680
6276
8167
6596
6147
6635
7983
8711
7658
7381
6899
6378
4783
7750
7574
5938
8307
8073
6303
8601
7936
5983
8470
8051
8637
6889
8574
6505
5242
7907
6256
8704
7841
6979
7771
8006
7961
7604
7134
7558
8598
7180
6877
6666
7111
7899
7545
7287
7491
5735
7418
7679
7821
7498
5614
7759
5234
7065
7893
7744
7375
8532
8266
7619
5637
8609
5947
8322
7995
7251
8914
8538
6742
7844
8540
6421
8047
5497
7583
3921
7794
7327
6568
7818
8812
7826
8728
7413
5780
5082
6790
7754
6360
6384
6477
7278
7089
5495
6721
7669
4622
6447
8743
5892
8586
7522
8021
7999
5759
7612
7973
8644
8447
5772
5928
7667
8437
6197
7865
6331
7402
7959
7211
7435
6811
6058
5856
7897
6514
6440
8430
8041
7681
6943
7963
7009
8343
7364
7564
7761
8254
8236
6707
8401
7863
8363
7300
7218
8655
7351
6862
8460
6676
7995
8164
7111
8429
8616
7300
7982
5752
7293
8397
7730
8690
8519
8234
8748
7570
7194
7991
7331
7075
5865
6019
6352
8059
8357
5066
5195
5721
7191
6869
8092
6822
8733
3795
7566
8552
6147
7940
7766
6896
7205
8623
8541
8233
6795
7812
7896
8397
6845
8190
7810
7896
8375
5987
8231
7496
4772
6715
6955
8100
4779
8889
6908
6724
7713
6149
7399
8864
7110
7333
7887
8304
7516
6808
7032
8724
6054
7780
7774
8354
7768
6530
7503
6194
8619
8427
6048
8757
8531
7447
8656
8594
7211
7523
8549
7987
6379
8520
7780
7220
7073
7203
6561
6929
8407
7136
7570
7584
8583
8625
6530
6950
6624
6834
8704
5016
6245
7443
7509
6362
6954
7982
8174
8197
8443
7788
7783
6505
8057
6783
6815
7883
7678
8491
8426
7453
8169
6847
5369
8081
7275
6439
8171
8639
7554
6867
6811
6114
6543
5463
7777
8117
8341
6294
8324
7273
8414
6020
3273
7839
7415
8533
7277
7788
6267
7895
8688
7196
6625
7170
7500
7516
8114
7388
7034
8240
6971
7364
8728
7295
5587
8236
8145
8727
6867
7548
7787
7047
8885
7674
6884
5287
5678
7286
7385
7635
8260
8615
6879
8672
7511
6292
7722
6850
7114
6844
5124
6152
6172
7496
8005
7378
7697
8255
8466
8732
7243
6663
6744
4863
6152
6571
8397
8337
6128
7766
6794
5989
8077
7868
6750
7149
6448
8914
8197
7156
8491
7098
8641
8181
8234
7704
7750
7375
7961
6750
8123
7673
8370
7504
7556
6420
8458
7961
8930
7107
6944
7440
6831
6581
7900
7399
7304
7958
7820
8413
7904
8377
8831
6680
8470
5558
6333
7076
6855
7154
7337
3560
6525
6652
8277
6531
5237
8264
8194
8753
6762
7411
6150
6578
8874
7287
8393
6604
7174
6807
6025
6773
6355
7653
5233
8418
7521
8393
7425
7483
7368
7461
7259
8413
8208
7165
7243
5765
8265
7020
7386
7316
7497
7140
5821
8440
7020
7474
7721
7001
8542
6825
7843
4420
6631
6049
6445
6130
7459
8547
8202
6374
8467
7463
8398
8284
8459
7515
6219
5586
7696
7396
7893
8785
6748
6716
5426
8857
6957
5670
7404
8548
6140
7091
8769
7518
8696
6787
3713
6931
8189
8240
8819
6241
7139
6888
5814
7708
5562
6358
8251
8157
7479
7338
6905
6236
8507
6339
8445
7776
7421
7010
5033
7173
7410
7905
8338
8623
8847
7532
5344
7493
8099
6626
7715
6972
8215
8117
5849
8393
7115
8544
8154
8664
7753
8661
4600
7190
7415
8163
7925
5290
8053
7858
6851
8722
7174
6135
7974
7256
7982
6459
7301
7894
7033
7752
7377
7621
8099
8682
8440
7454
8485
7801
7010
7636
8479
8901
8298
7384
8010
6632
7557
7430
7423
5705
7645
7689
8533
6092
8304
7316
6556
7437
7341
7246
6719
8634
7788
7313
8085
7173
7169
6162
5265
6062
8052
7252
7565
6322
6601
6110
8870
7573
7893
5857
8393
8452
8583
8767
7299
7003
8236
8370
8257
8300
8757
5791
7495
7011
6656
6846
7379
6236
8050
7758
6584
7282
8184
7596
6872
6956
8913
7756
8029
5239
5972
7407
8152
7429
7919
5393
5505
8666
8703
6814
7338
7163
8591
8351
8105
4675
6744
6345
5706
7169
8316
8008
8702
6251
8564
4672
6767
7774
5403
5491
6322
7663
6892
7134
5933
6977
7898
8023
7926
6826
7309
7132
7163
8240
5877
7069
8686
6855
8084
7602
4228
7826
8010
7187
7858
7876
6798
7012
8112
8784
8070
8764
7335
7849
7378
8348
5218
6878
7434
8813
6412
7720
7956
7188
6799
5655
8062
7470
6826
8206
8470
8150
7804
8538
5819
5442
7736
7220
8373
8916
7230
7905
8538
7279
6646
6464
7832
6479
7275
6139
7349
7090
7191
8616
6594
7205
8354
4682
6918
6077
3899
6738
4523
5313
8849
8057
8107
5859
7907
7531
6785
6928
7228
8984
7337
8729
6949
6531
8649
8793
7528
8710
7919
6402
6408
7625
8234
7097
7399
6769
7862
5954
4137
8356
6491
8606
6898
7857
7887
8667
6116
7518
5623
8081
8155
7455
7423
7297
8183
6316
7344
7356
7862
7266
8108
7893
8895
7512
6852
7384
5872
7250
6476
7340
6946
6837
7983
7558
7951
8632
7053
5788
7568
8211
7687
7809
7429
7405
7795
7504
7628
8639
8545
7474
8407
6773
5771
8304
6595
6720
6685
8386
8517
6822
7225
5678
8057
8410
7535
7622
8242
8161
8362
8179
6777
8653
8580
6308
6095
6828
7090
7762
6949
7514
8391
8380
7517
8077
7841
6386
7783
8067
8133
7598
8329
8244
6554
6245
8367
7019
7483
7939
6111
7858
8844
7100
6961
7897
5294
7687
5841
7695
7694
6635
4947
7069
8128
7911
8398
7675
8386
8210
7277
8264
7955
5902
6557
7391
6634
7532
7791
6445
7448
7194
8410
8093
7775
5557
6994
7346
6466
6259
6590
8403
6999
7914
8793
7354
7472
8720
6491
8361
7361
7729
7308
8153
6442
7123
7963
7536
5276
7781
8728
7954
7746
7821
8475
8216
7528
7309
8413
7363
6086
6841
8813
7898
8194
5412
5835
8424
7798
7904
5286
7240
8339
8340
8121
8232
6996
8269
7510
7585
8038
8524
6884
6336
8263
7350
8128
8593
8381
7157
8012
7714
6794
7371
7955
8193
7651
6951
7599
5233
5572
4083
7173
7925
5449
7025
6989
6052
8654
8024
8038
8430
7611
8532
7814
8607
8370
8414
5269
3644
7928
7647
7338
7378
6786
7769
8730
7733
7999
8069
7291
8118
8517
8277
7318
6781
7364
6794
8223
8252
7646
7801
7812
6832
7044
6689
8696
7076
6675
7450
6001
7349
7414
8147
8657
7581
5260
7488
7831
8373
7638
7036
8255
8851
7329
5816
7027
8750
7480
5723
6398
8108
7567
7788
6974
8745
7819
6861
8176
8264
5445
7539
8382
5659
7169
8170
8743
7694
8492
7363
8164
8037
6582
6274
8135
5581
8115
8284
8207
7576
7693
8770
7821
7762
7837
8509
8586
7920
6371
7461
7169
6965
6989
7958
7050
6082
6476
5526
6850
6728
6308
7209
5097
6542
7455
6262
7845
7921
8478
7874
7318
8586
6574
7792
6595
8215
8430
5324
6984
6301
8172
5618
7590
8813
8525
7071
5564
7306
8262
8005
7814
7025
7582
6506
7608
7858
7311
5148
7894
8107
8030
8046
8005
8669
6774
6511
8329
6943
6633
8764
8080
5949
8504
8104
6950
8564
6452
8376
7596
7742
7886
7389
8351
7827
8158
7407
7338
7852
7366
7486
7456
7508
7407
7449
8660
7646
8410
7699
7531
8612
8841
8278
8624
8321
8195
6901
7882
8585
6581
5050
7400
8542
7950
6527
6763
5569
8225
6440
7194
8112
5624
6767
7757
7806
8887
7624
6236
7498
7187
8531
8188
6459
8304
6209
8484
7227
6602
8627
7669
4947
8051
6807
8471
7997
8075
5592
7094
7016
8171
6576
5500
7077
8296
7884
7971
5834
6128
6696
8407
6300
6432
8282
4818
5283
8825
8151
8417
8713
7998
7885
6074
7787
8556
6791
6400
8226
8462
8138
8909
6194
6865
6732
6366
7551
7060
8625
7722
8180
7742
6478
7667
7993
7467
7202
6633
8407
8481
7583
5417
7362
8889
8322
8216
5133
7952
7011
8141
8637
4287
6533
7379
8246
7531
7877
8374
8748
6190
7880
8147
6748
8160
6985
8290
6989
7753
6559
7282
6733
4990
8756
6714
7615
6623
7281
6530
8319
8138
8194
7712
7316
8438
8597
8483
6332
6265
8357
8503
6403
5288
7605
7836
8624
8605
8728
8432
6185
8680
6619
6905
7373
6203
8231
8088
7301
6489
8061
8323
6672
8033
8142
6010
5508
6252
8132
6631
7050
7847
8146
8072
6335
8130
8168
8147
7403
8258
7152
7780
7529
8016
6895
7191
6066
8102
7885
8055
7543
7097
7654
6793
7358
7702
7483
6973
8433
7035
7029
7484
7736
8086
7048
8546
7809
6707
5161
8358
8083
8471
8649
7443
8533
7979
8192
7238
6840
6938
7070
7924
7204
6838
7841
7738
6410
8517
8694
8292
6535
8303
7956
8105
7420
7778
8684
7168
7399
7762
7838
5916
8817
7691
7140
7840
6720
5584
6148
8148
6891
7191
7250
7154
7215
5248
6762
6923
6707
7384
8405
5991
8314
7874
7171
7127
7819
7532
8754
7278
6843
6984
7766
8891
6151
7846
7371
5968
8634
5692
8010
7911
8852
4836
6970
8302
4287
8353
8324
8668
7971
7629
8739
7253
6969
8663
7437
7689
7701
6419
6851
6544
7089
8180
8606
8594
8076
8468
7659
8137
7924
8100
7464
6073
7794
8778
7624
7029
8015
7863
8558
8297
8161
6748
8682
6482
7863
7710
8315
6116
7763
7532
8553
8855
8574
7494
5906
6337
7776
8519
6765
7974
5470
8360
7043
7459
7221
7883
6169
7570
7069
6391
7610
8135
7675
8282
8561
5855
8351
6766
7860
6737
5479
6662
7947
5736
7643
6100
6304
8669
7106
8442
6490
7914
7816
6930
6317
8437
7434
7823
8688
8113
6183
7150
8460
7004
8146
6547
6445
7475
8481
7826
6778
8642
6438
8456
6943
8440
6364
8931
8442
7022
7786
7828
6313
8329
7650
6052
6894
8560
8407
6755
7576
8093
4866
5848
7166
8287
8462
7243
8024
6915
7000
6893
8133
7850
7926
8209
4844
8542
8075
7229
7955
6550
7157
7380
3817
7612
7467
6394
8050
7775
3659
8588
8401
7747
5344
8592
5056
7383
8016
5800
7740
8407
8486
8233
8639
7858
8168
8029
8822
8493
7849
5084
7482
7230
8454
7310
8955
7342
8623
8496
7119
7758
6742
8582
6619
8335
7775
7435
8008
8264
7393
8708
6858
8207
7794
6976
6368
7066
6278
8459
5434
6677
7298
8195
8877
7414
7731
6321
7439
7787
8584
8896
7128
7296
7912
6724
8236
8709
7360
8108
7624
7229
7246
7565
4648
7976
7281
8243
7664
6455
7184
8350
7168
7437
6778
6161
7671
7292
6050
8839
5205
8608
7445
5762
8563
8249
4034
8298
6259
8280
5034
6801
5587
7853
6526
8819
7763
7810
8497
8271
8505
6647
6851
7998
8620
7772
8211
5726
7632
7888
7945
8305
8096
6544
7583
7838
5637
7236
7777
6477
6484
6305
7318
7882
8142
7770
7590
7191
8361
8161
8743
8095
7499
7599
7505
4436
8431
8413
8673
6299
7786
8704
8138
6657
6168
7475
7334
7912
8516
7200
6964
7148
7747
6674
5246
6694
7093
8146
8569
8325
8209
6380
7983
8519
4927
8716
5670
6419
6615
5022
7899
8156
7380
7706
6318
8446
6664
6937
7514
8365
7486
5278
8132
7316
8532
7152
8501
6578
6955
6383
8388
8689
6139
7213
7812
7697
4371
8718
6941
8284
8211
6417
7791
7276
8064
7770
7424
7548
7888
6267
8524
8233
7945
7372
8263
7122
8109
6912
8136
8519
7342
7200
7458
8618
8188
6752
7342
8005
6099
6013
6738
7576
6263
6699
7996
7313
7724
6374
6700
6900
6373
6629
8414
8403
5839
8325
6593
8428
7599
6865
8335
8572
8454
8740
8263
4976
7748
8144
8689
6777
7527
7943
8425
8497
8453
7703
8414
8630
6999
8185
7036
8140
6247
7684
7352
7219
5247
7754
6253
5834
6019
7810
7090
7818
6234
8298
7582
7428
7992
7468
6835
7878
7510
4783
7218
8093
7161
6172
6850
6622
8037
7818
6832
8111
7980
8341
8668
6104
8198
6685
7249
8161
6387
7171
6095
7689
8210
7123
7505
8042
8309
7513
6952
7854
6125
5145
7349
8646
8018
5594
7380
7605
7499
7531
7534
7471
7834
5020
7375
6708
8023
8739
6904
6898
7309
8438
7189
7596
8690
7059
7528
7309
7630
7976
8887
8458
7537
7739
7847
6803
6379
7785
8310
7258
6478
7412
5095
7754
8058
6827
8219
6112
6335
8293
7898
7489
5765
8219
7947
6327
7679
8397
6160
7320
6165
4703
7567
8255
6832
7638
8034
8598
8428
8575
7863
8047
8577
8725
6287
8239
8333
7172
7813
6672
6223
6301
7178
8036
7442
7521
8761
7714
8684
8644
8599
6322
8018
8699
8236
6972
5866
7819
7804
6939
8531
7602
6486
7733
8832
5432
7285
8150
7812
8278
6722
5040
8801
8868
7135
5120
7095
6755
6661
6645
6311
8427
7933
7098
8474
8522
5884
5170
7505
7021
6888
6775
7068
6226
7973
7880
5959
7507
5137
6458
8432
5586
5579
7635
7434
8069
7461
7076
7470
8373
6997
8030
8084
7483
6388
8737
8513
8605
8212
8566
5720
8249
7350
8846
7516
7607
8150
8569
8048
7272
8465
8381
7980
7718
6899
8428
8441
8550
5349
7234
6572
8196
8231
8510
7068
6880
8225
7857
7824
6611
6262
8280
7018
5845
7582
8118
4353
7712
7912
8074
6769
7872
7647
6033
7950
5924
7912
7931
4836
5055
6877
6847
6552
6126
8376
8042
4715
6843
2566
7801
7677
7066
8091
8842
7790
8386
7950
8105
8427
8065
5956
6216
6226
4856
7496
7007
8722
7507
5821
6019
7424
7842
7020
7531
5479
8127
7643
6497
7668
5543
5172
6673
7221
6003
8276
6379
6584
8946
7808
7287
8177
8541
8467
6000
7624
7085
7877
7031
8424
8892
6775
8559
6647
8436
7312
8486
7850
8044
7697
6732
6694
7839
8023
8592
6873
8447
7675
8331
7964
6583
8200
7844
7450
7411
6807
7994
8114
8601
7912
5865
8410
8790
6437
8103
7170
7193
7916
6601
6531
8044
7790
6327
8237
7908
8920
6218
7808
8557
8407
8368
6596
7945
3539
8174
8815
5965
8218
5827
5675
8762
6457
7935
8146
7638
5975
8078
7534
8063
7762
6825
8627
6697
8102
6169
6848
7830
5944
7683
7970
6320
7738
6969
8108
8296
8343
8096
7463
8052
8439
7924
8332
7787
3717
7133
6656
7760
7305
6008
8314
8243
6130
7568
6209
6038
6439
6977
6566
7528
8575
7136
5378
6446
7681
8838
6329
7349
6436
8557
8139
8553
6073
8072
6510
8364
7858
4797
7035
8276
5530
3236
8218
4562
8138
5757
8665
7003
7352
8424
7685
8805
6333
7933
6978
8129
8735
8346
8246
6623
8173
5839
7754
4840
6945
7516
6667
4817
7967
7695
8558
7193
5977
7173
6827
5321
7024
8422
8009
8562
6192
7502
7947
6888
6980
4015
7631
6538
8467
7385
6734
6477
8881
6752
7365
8301
8212
7446
8431
6339
7537
7639
6679
7656
8282
7426
7254
7931
7173
8282
7392
8376
6138
3777
7322
6838
6331
7330
6243
8246
7499
5498
7620
6043
6910
4703
7970
5851
8123
7318
8473
8040
8903
8112
8357
8364
8092
7507
8609
7502
5553
5735
8049
7963
7389
7652
7638
7768
8556
5152
8409
6144
6197
5260
6768
6555
7007
6775
7556
7721
8618
7213
6181
8877
8299
6604
7793
5672
7308
7255
8011
2695
8707
6560
8444
5935
6240
7785
7799
7849
5662
7522
7205
6615
6542
7391
7519
6552
6230
6745
7346
7351
7746
6740
6406
7822
6993
8582
7290
5408
7300
7834
8020
8299
7338
7073
7317
7417
8743
5485
7627
6546
8257
8137
7074
5698
7355
7966
7851
7278
8549
8339
6176
8200
8534
5566
8143
7329
3933
7927
8747
8279
6157
8339
8695
8224
7217
7972
7848
7340
6253
8000
7093
7315
7430
7490
5979
6777
7692
7627
8116
8000
8006
7406
6423
8366
5435
8671
7493
8526
7889
7878
8450
8528
7371
5601
4840
8014
7900
7223
8209
8157
4786
7769
6126
7747
8613
6219
8230
5376
8109
7207
7823
7908
7171
7231
7457
7493
7716
8589
8029
5446
8925
8093
7604
6450
8781
7899
5733
5880
5115
7923
5235
7989
7558
6797
6805
7028
8529
8835
6132
7216
7642
6029
7389
7428
7462
7841
8503
7823
7065
8221
8154
5697
7410
6941
7558
7835
6462
7967
8047
6260
7985
7109
7729
8404
8443
8574
8335
6940
7308
6642
6256
8845
8562
4550
7848
7667
7489
7752
6496
5644
6838
5964
7740
6815
6617
8471
6405
7821
7126
7929
8019
6244
6319
8677
5816
8359
6613
5575
6755
7096
6736
8771
6680
6032
7643
8422
8344
8771
8472
5611
6428
6164
6254
7653
8022
8208
7497
6666
5579
7192
7533
8689
8336
6174
7045
7107
6375
8660
7698
8341
6388
8324
6950
8797
6116
8540
6632
7122
8108
8078
6149
7569
6745
7129
7624
8193
7837
7917
7041
7083
7679
7915
7413
7590
7278
6812
8164
5402
8101
6567
8421
8186
7995
8223
7336
7820
8056
5412
7907
6235
7833
6963
7658
7754
8474
7787
8096
8104
6808
8093
6827
7351
7912
7042
7128
7196
8137
6572
6964
7128
6363
8919
7243
7392
8157
8599
8077
5683
7907
7386
8071
7465
7319
7225
7668
8157
6423
8905
7876
8165
7136
7723
8428
4522
6713
7467
7031
5713
5825
8501
7130
8173
7827
7942
8426
8348
7981
7913
6185
8431
6364
8649
7530
7932
7924
5311
8241
6852
7279
8082
7701
5942
6739
8005
6308
7053
5765
8206
7705
7579
8342
8150
5882
8054
5091
7220
7575
7640
7852
5958
7484
8025
5574
8030
7072
7841
8165
8213
3876
7237
8253
7297
7866
6534
7581
7359
8231
8629
8413
7249
8424
6691
7617
7768
7035
7632
6922
6935
8168
8429
6877
8443
8660
7042
6356
6686
7497
8364
7102
8408
7428
8361
6890
7639
8204
5964
7332
6190
5312
7214
8183
5963
5065
8644
7348
5938
7400
7735
7609
7705
8450
7076
8738
6880
8705
7102
5547
8108
6782
6650
8594
7687
7555
7031
8110
8100
6861
5406
7945
7764
5058
6365
7015
8750
8084
7311
6558
7714
8608
8658
8590
8911
8653
7049
7003
8492
7097
7827
5856
7842
7729
5503
8178
8308
7153
5905
6211
8698
8029
7445
6856
7591
7359
6945
8615
8116
7863
5629
8158
7643
6171
6940
7596
8457
7313
8379
8009
7523
7356
7483
6691
7146
7119
7760
7746
8276
6445
6992
7854
8036
7801
7990
5414
8203
7907
7608
8280
8322
7199
8456
7498
7850
6772
7409
8704
7124
8179
7686
8327
8581
8321
8169
7317
5199
8185
7677
6112
8021
6025
6118
5199
6490
7663
7929
7658
8139
8670
8433
8317
8325
7136
7822
7086
6646
7366
8422
7887
8281
4680
7380
7131
8231
8691
8904
6588
6140
7957
7326
6988
8223
6387
5871
6317
7204
6262
7666
7264
6916
7800
8277
7335
7652
7763
6708
7573
7488
8134
5035
7822
6806
6366
8334
8058
7195
8565
6970
7138
5713
6988
6676
7358
8812
8595
8664
8272
7636
7019
7432
8673
8307
7019
8077
8317
8521
6096
7617
6165
7567
5666
8739
7095
7700
4623
5497
5704
6867
8096
6786
7998
7466
8363
6909
7214
8827
7534
8669
7912
7905
4271
8477
7252
7436
6677
7943
7568
6526
7303
7820
7876
7094
8589
7279
8572
5425
8966
8065
7899
7040
8778
6751
7415
8248
7149
8036
6568
7848
7733
6638
7941
4194
7303
8677
6485
7407
8570
8244
7500
7993
8252
8274
7256
6762
6548
5262
8716
8397
8338
7629
8474
8844
8468
7426
7724
7014
8542
3953
8947
7853
8689
7781
7091
7936
6323
7030
7211
7213
7508
7965
8150
7150
7294
7915
8014
6800
6561
7170
8286
7586
6858
7209
6424
8576
7057
6562
6521
6643
7874
6985
7607
7325
7118
8065
7841
8492
7619
6463
6747
5242
8421
6892
8238
5721
8368
6010
7133
6531
7985
8729
7903
7668
7734
7403
7710
5983
7115
5390
8823
7031
5865
7209
4989
7645
6862
7556
5559
6370
8852
6809
6019
4769
7592
7205
6823
7074
6945
8552
4840
8704
6694
7204
7526
8705
7742
5811
5221
7942
8335
7514
6718
5820
6200
7866
8431
8342
8048
7543
8137
8414
7102
7466
8155
7740
8773
6685
8401
6961
6093
7912
8376
8136
8161
7295
8056
6942
4759
7677
8085
6050
7164
7215
8509
7855
7116
7448
6994
7214
7686
8451
6283
8086
3129
8836
8187
7935
7082
8426
7623
6446
7740
7894
7117
8094
4928
6829
7471
6865
7836
7822
8227
5122
8651
6565
8564
8052
5484
8214
8006
8617
7856
7067
6728
7279
5458
8229
8102
8673
8184
6484
8531
8105
7565
7753
7308
7610
4520
8181
7600
7528
7433
6298
8034
8389
8030
6621
5141
6008
7692
6996
5103
6744
8558
6758
8277
8082
7034
7931
6599
7398
7397
8336
7887
8135
6756
7038
7101
5172
7498
6591
6295
7430
8254
7185
6860
7896
7075
7708
6755
8359
8186
8135
8418
7727
7610
7743
7199
8790
5401
7790
7233
7979
6822
8315
7776
5817
8443
5886
7466
8223
7178
5456
6931
8221
8323
6655
5567
8420
8637
7801
7502
6742
8616
7368
8899
7422
7611
6880
6910
8370
8137
7981
7274
7090
8132
8683
7664
7469
7643
5772
5993
7773
7916
6894
5620
6265
8517
8605
4934
8422
6414
7430
7082
6946
8119
3828
8211
6261
8690
7396
6321
6864
8114
4567
7007
6701
6825
8080
7851
6693
8264
7574
6245
8143
8279
8352
7910
7067
8001
6476
8191
7592
8330
8640
8075
6682
6749
6764
7527
7061
7297
8385
8843
8552
5362
5447
8863
7616
8029
6307
8155
8579
7476
7479
5398
6894
7478
8730
7267
7260
7643
6112
4209
7770
8616
4277
7499
7988
6451
7317
6389
8566
7748
6428
8410
7966
8815
7577
7738
7640
6817
8383
6678
7327
8530
8704
8119
7725
7644
8247
7113
7954
8776
8328
7475
7690
8574
7374
7015
8362
6687
7664
8454
8305
8892
7719
6985
7058
8533
2850
7625
5168
5906
7769
5295
5972
6387
6893
8278
8406
5960
7269
8810
6797
7287
6283
7469
7919
6546
7898
6897
7212
6627
7752
6363
8459
8244
7355
5611
8565
6665
8173
4776
8516
8482
6376
8059
7645
8472
7786
8106
6208
4990
8169
8267
7285
7680
6628
8001
6955
8570
8068
8138
5742
6163
7179
4391
3659
7178
6067
6910
8199
6920
8550
4402
7630
6942
8742
4765
4754
8619
7282
7218
8361
8533
7118
7098
6176
7802
5916
7482
7338
7816
4113
8536
7709
6496
5696
7946
7791
5748
7262
7471
7599
8053
8442
5886
7291
7473
8745
7265
8637
7875
5976
7257
6557
6132
6142
8750
7092
7383
8097
8260
6583
6504
7377
8124
7054
7085
7990
7986
8620
6396
7449
7636
7684
7757
7385
7343
8065
7796
6435
7208
8418
8324
8170
7845
5107
8143
8597
8257
7884
7785
8220
7199
6257
7081
7954
5619
8177
5801
6933
5574
6583
8414
8228
6296
8378
8801
7976
6503
8080
6449
6104
6318
7205
6243
8115
6712
7583
7069
7182
6321
6389
8941
7374
8144
8436
7815
7196
7738
8101
6685
5888
8015
6717
8119
8496
7083
7469
7623
7447
7157
6577
7850
6850
7584
7407
8132
7403
6824
7359
3013
5665
8440
7791
4812
8009
7108
5962
7754
7356
8125
8714
8040
6949
8527
6491
6693
6252
5774
7002
8027
8709
8722
8664
6115
7834
8214
7606
7332
7387
8065
8380
8321
6537
7750
7630
7771
7177
4956
6077
6505
7569
7625
8496
8702
7785
7129
7785
7841
7495
5804
6114
6752
6496
8124
7983
6004
8634
8124
8220
7006
7649
7958
8024
8006
7195
7651
8107
8404
6281
6759
7507
8722
7922
7088
8951
8687
6749
5773
7438
6808
8794
6755
7584
8581
8455
8531
8591
73774768
